1034361
1034343
1034342
1034341
1034335
1034316
1034253
1034192
1034024
1034011
1033859
1033784
1033768
1033763
1033753
1032927
1033618
1033581
943473
1033439
1033350
1033247
1033246
1033245
1033244
1033243
1033213
1033212
1033211
1033209
1033208
1033207
1033047
1032925
1032855
1032899
1032897
1032893
1032885
1031918
1031862
1031813
1031807
1031759
1031694
1031396
1031385
1031373
1031200
1031156

1031147
1031137
1031121
1030791
1030348
1030035
1023237
1028951
1029755
1029711
1029394
1029392
1029384
1029383
1029358
1029357
1029356
1029355
1029280
1028303
1029150
1029013
1028993
1028945
1028692
1025301
1028480
1028470
1028451
1028243
1028224
1028223
1028215
1028214
1028208
1028100
1028087
1027937
1027873
1027865
1027742
1027736
1027725
1027710
1027696
1027690
1027687
1027684
1027674
1027183

1027179
1026983
1004373
1026914
1026847
1026786
1026782
1026701
1026697
1026686
1026626
1026594
1026510
1026466
1026458
1026331
1026330
1026329
1026326
1026319
1026318
1026317
1026311
1026310
1026309
1026308
1026307
1026306
1026305
1026304
1024958
1025968
1025959
1007176
1025753
1025740
1025733
1025715
1025494
1022966
1024912
1025233
1025230
1025227
1025225
1025219
935892
1024923
1024566
1024536

1024527
1024444
1024462
1024413
1024132
1024116
1024017
1024012
1023719
1023706
1023546
1023540
1023703
1022101
1023516
1023462
1023441
1023348
1023245
1023244
1023239
1023238
1023236
1023213
1023195
1023193
1023190
1023186
1023185
1023184
1023183
1022341
1022990
1022935
1022914
1022912
1022899
1022741
1022623
1022486
1022482
1022480
1022478
1022473
1022362
1022347
1022253
1022156
1022083
1022020

1022003
1021978
1021967
1021962
1021838
997508
1021619
1021615
1021570
1021558
1021503
1021487
1021457
1021424
1021382
1021154
1021129
1021071
1020885
1020881
1020875
1020872
1020813
1020811
1020717
1020714
1020713
1020711
1020710
1020709
1020708
1020599
885469
1020564
1020535
1020508
1020505
1020486
1020430
1020245
1019918
1019911
1019890
1019457
1019453
1019378
1014274
1018870
1018850
1018835

1018825
1018486
1018478
1015838
1018474
1018187
1018181
1018169
1018163
1018055
1018054
1018053
1018042
1018034
1018028
1018026
1017910
1017901
1017793
1017787
1017719
1017686
1017641
1017627
1017597
1017497
1017326
1016968
1016955
1016951
1016949
1016890
1016854
1016849
1016846
1016819
1016649
1016357
1016269
1016267
1016266
1016257
1016253
1016250
1016247
1015855
1015846
1015835
1015758
1015677

1014774
1015082
1015068
1015058
1015017
1014982
1014879
1014878
1014877
1014876
1014858
1014857
1014835
1014823
1014811
1014810
1014808
1014806
1014805
1014803
1014802
1014661
1014655
1014639
1014539
1014405
1014400
1014388
1004124
1014167
1013744
1013763
1013743
1013694
1013466
1013174
1013039
1013020
1012995
1012972
1012707
1012416
1012413
1012409
1012366
1011632
1012050
1011914
1009585
1011844

1011786
1011755
1011641
1011639
1011638
1011636
1011635
1011633
1011630
1011623
1011614
1011613
1011600
1011597
1011596
1011525
1011110
1011153
998952
898695
1010861
1010731
977920
1010665
1010637
1010611
1010372
1010119
1010109
1010095
1010087
1010035
1010026
1008630
1008611
1009744
1009621
1009609
1009490
1004890
1009473
1009331
1009023
1008988
1008816
1008803
1008781
1008631
1008625
1008612

1008610
1008598
1008592
1008564
1008563
1008560
1008559
1008558
1008552
1008522
1008474
1008447
1008373
1008274
1008249
1008247
1008146
1007829
1007828
1007811
1007509
1007453
1007442
1006855
1006830
1006720
1006701
1006683
1006670
1006554
1005999
1005997
1005991
1005920
1005663
1005594
1005530
1005347
1005346
1005345
1005291
1005284
1005269
1005271
1005263
1005262
1005261
1005234
1005189
1005289

1005055
1004983
951967
1004888
1004531
1004470
1004413
1003864
1003848
1003809
1003674
1003646
1003384
1003344
1003273
1003268
1003264
1003252
1002755
1002749
1002627
1002626
1002625
1002624
1002620
1002618
1002616
1002615
1002612
1002611
1002610
1002609
1002608
1002467
1002376
1002117
1002116
1002015
1001876
1001564
1001553
1001472
1001307
1001064
1000959
1000892
1000888
1000742
1000503
1000369

1000437
1000353
1000349
1000191
1000141
1000020
999856
999828
999821
999696
999695
999694
999693
999689
999688
999687
999674
999673
999672
999670
999668
999667
999666
999665
999500
999497
998008
999419
999200
999196
999174
998937
998934
998928
998926
998919
998883
998906
998644
994159
998452
998449
998399
998393
998391
998360
998351
998334
998320
998315

998307
997977
997861
997859
997451
997081
997076
997072
997013
997012
997011
996978
996977
996946
996936
996933
996916
996911
996910
996909
996882
996881
996862
996858
996782
996747
996494
996587
996539
996529
996513
996493
996480
996296
996291
996237
996220
996210
995476
995904
995903
995901
995843
995840
995473
995442
995439
995328
995008
994973

994805
994693
994683
994675
994663
994657
994493
994482
994472
994151
994105
994099
994063
994058
994049
993913
993912
993911
993910
993909
993908
993907
993906
993903
993893
993862
993832
993826
993707
993706
993705
993702
993541
993538
993375
993329
993190
993176
993175
993055
993045
993038
993036
992941
992835
979276
992738
992479
992411
992402

992396
991835
979763
991716
991598
991593
991573
991564
991482
991327
991283
991109
991103
991092
991087
991064
990298
990661
990473
990472
990467
990463
990450
990445
990444
990443
990428
990427
990422
990409
990408
990407
990406
990404
990403
990354
990155
990049
989942
989529
989736
989723
979809
989587
989444
989391
989387
989331
989317
989262

989240
982861
989155
989087
989050
989048
988905
988902
988699
988698
988578
988468
988458
988439
988435
988404
988379
988371
988356
988337
988332
988295
988084
987899
987838
987618
987616
987593
987471
987181
987176
987175
987174
987173
987172
987168
987167
987166
987145
987144
986404
986495
986360
985962
985805
985606
985582
985562
982500
985498

985045
956096
984229
984216
983416
983682
983638
983555
983464
983394
983110
981929
982681
982669
982678
982677
982675
982674
982673
982672
982671
982670
982654
982651
982648
982647
982646
982645
982644
982643
982626
982334
982332
982153
981868
981597
981514
981462
981381
981360
981280
981265
981223
981068
980948
980427
980311
980255
980078
980068

979994
979866
979832
979817
979366
979601
979597
979403
979402
979399
979393
979124
979384
979383
979375
979374
979373
979372
979371
979370
979368
979254
979125
979115
979088
979082
979079
979076
979073
978984
978963
978843
978842
978729
971358
978670
977968
978621
978613
978532
978525
978430
978422
978207
978136
978134
978101
978092
977691
978054

977302
977427
977467
977849
977716
977651
977631
977499
977547
977390
977806
977290
977185
977182
977120
976992
976876
976872
976861
976860
976859
976858
976857
976856
976830
976783
976776
976775
976763
976695
976685
976542
976525
976521
976416
976413
976409
975435
973778
975080
975058
975034
974990
974981
974821
974801
974730
974681
974679
974494

974486
974483
974481
974475
974471
974243
973959
973790
973715
973568
973547
973376
970059
973240
973213
973080
973068
972989
972988
972984
972983
972939
972972
972970
972969
972968
972955
972946
972943
972923
972795
972729
969923
972377
972371
972339
971762
957193
971072
971331
971201
971093
970828
970766
970502
969203
970308
970285
970201
970175

970077
969496
969481
969458
969401
969395
969117
968950
968788
968420
968198
968154
968153
968152
968150
968149
968145
968144
968143
968142
968141
968127
968080
928238
967560
967515
967513
967285
967167
967155
967104
967043
966058
966658
966652
966651
966636
966619
966569
966563
966496
966362
966302
966117
966073
966047
966042
965954
965916
965915

965828
965764
965771
965665
965452
965449
965447
965446
965108
965360
965353
965352
965340
965339
965338
965337
965336
965335
965334
964449
965285
965271
965198
965144
965141
964987
964712
964595
964529
964472
964445
964143
963985
963822
963786
963785
963781
963764
963761
963721
963713
956640
963541
963375
963328
963229
963203
963190
963128
959687

962429
962411
962323
962359
962353
962507
962342
962336
962231
962230
962225
962224
962223
962208
962179
962101
962093
962025
961993
961962
959918
961879
961511
961506
956415
961493
961440
961439
961309
961300
954626
960978
948358
960851
960784
960728
960373
960264
960168
960161
960160
960151
960149
959958
959681
959670
959653
959651
959647
958078

954343
947816
959488
959487
959486
959485
959484
959483
959482
959481
959425
934546
959299
959290
959161
959160
959145
959000
958960
957797
958766
958745
958623
958618
958075
957955
957743
956088
957394
957356
957343
957284
957280
956229
956206
956095
956093
956092
956087
956007
954973
955605
954886
954877
954872
954620
954617
954537
954508
954505

954350
954253
953985
953747
953704
794129
953503
953415
952265
953212
953064
952786
952679
952675
952670
952275
952267
952264
952263
952262
952261
951344
952259
952258
952257
952256
952255
952254
952253
952142
951838
951740
951738
951656
951646
951442
951324
951285
951268
951102
951058
950673
950776
950398
950308
950300
950137
949732
949712
949129

949104
949077
949064
949058
949029
947351
948653
948650
948579
948573
948570
948556
948474
948473
948470
948467
948464
948463
948417
948416
948415
948414
948413
948412
948411
948410
948401
948400
948399
948397
948396
948395
948398
948389
948388
948387
948386
948385
948342
948226
948209
948196
948145
948120
947896
947890
947887
947886
947751
947638

947619
947514
947508
947381
946421
946385
946377
946330
946214
946189
946092
893469
945843
945617
945606
945481
931635
944938
944936
944934
944928
944563
944562
944561
944557
944556
944555
944554
944553
944552
944551
944541
944540
944539
944535
944534
944533
944532
944302
943877
943771
943730
943636
943332
943258
943239
943228
943226
943022
941328

942511
942299
942200
942165
942136
942127
942093
942082
941960
941955
941941
941668
941667
941663
941662
941661
941660
941644
941634
941633
941631
941623
941614
941609
941607
941606
941515
941501
941477
940513
941194
941111
940905
940900
940765
940288
940718
940680
940665
940662
940632
940421
940417
940391
940390
940389
940388
940385
937972
940001

939997
939995
939994
939935
939875
939783
939726
939513
939512
939511
939504
939502
939501
939498
939496
939493
939460
939459
939458
939457
939456
939455
939428
936952
931485
939414
939411
939410
939408
939407
832500
939366
880468
939353
939332
939201
939094
939076
939071
939068
939066
939055
930953
938785
938742
938707
938601
938598
938595
938560

938488
938459
938453
938448
938421
938411
938367
938357
938196
938190
938159
937579
937944
937908
937849
937838
937833
937476
937404
937352
937296
937294
937166
937140
937115
937102
937064
936984
936982
936981
936980
936979
936973
936972
936971
936963
936959
936958
936957
936956
936955
936954
936953
936950
936949
936948
936947
936946
936945
936944

936921
936914
936868
936823
936816
935429
936793
936788
936775
936729
936716
936692
936687
936646
936645
936644
936562
936520
936475
936469
936404
936357
936282
936276
935941
935649
935474
935467
935452
903321
935419
935234
935229
935186
935184
935182
934957
934909
934875
934827
934777
934772
934748
934242
934241
934240
934230
934128
934027
934000

933737
933706
933705
933694
933317
933312
933136
933134
933126
932930
932928
932771
932674
932515
932441
932440
932437
932292
932235
932213
932149
931988
931984
929757
931956
928478
931950
931946
931942
931735
931717
931621
931311
931359
931214
931165
931145
930966
930909
930880
930799
930720
930691
930494
930442
930430
930410
930405
930393
930274

930258
930185
930181
930043
930042
930041
930040
930039
930038
930037
930036
930035
930033
930032
930031
930030
930029
930028
930027
930025
930022
930001
929999
930005
929997
929996
929995
929994
929982
926631
929981
929980
929978
929977
929892
929885
929873
929835
929829
929742
929587
929572
929556
929437
929426
929333
929257
929258
929244
929068

929045
929040
929033
928895
928707
928646
928630
928616
928610
928557
928475
928473
928449
928404
928265
928261
928254
928236
928216
928184
928054
928048
927972
927967
927966
927963
927961
927960
927959
927958
927956
927954
927953
927952
927945
927943
927942
927941
927937
927924
927923
927920
927919
927913
927912
927910
927898
927868
927864
927857

927739
927722
927710
927668
927665
927662
927636
927653
927464
927366
927362
927359
927360
927138
927065
927019
926996
926907
926876
926856
926846
926812
926808
926803
926788
926445
926265
926215
926141
926132
925939
925932
925814
925809
925758
925692
925687
925677
925571
925577
925576
925574
925570
925569
925559
925558
925557
925555
925541
925542

925539
925537
925536
925535
925534
925493
925478
925473
925471
925437
925436
925375
925344
925290
925192
925181
925166
924042
925084
925020
924936
924933
924902
924890
924848
924844
924836
924710
924645
924543
924367
924209
924207
924069
924041
923814
923734
906202
923670
923582
923463
923458
923454
923390
923375
923349
923345
923189
923178
923141

923064
922866
922854
922826
922747
922706
922693
922443
922312
922232
922231
922230
922227
922226
922225
922212
922205
922195
922184
922183
922182
922181
922180
922179
922178
922177
922146
922002
921984
921662
921564
921534
921487
921459
921425
921193
921116
921055
920731
915183
920729
920518
920500
920483
920470
920466
920442
920440
920439
913254

920252
920154
920119
920077
920066
920065
920059
920047
919820
919630
919625
919608
919605
919540
919525
919511
919384
919383
919362
919336
919315
919319
919318
919276
919261
919259
919258
919257
919256
919255
919254
919252
919251
919249
919246
919245
919244
919243
919241
919231
919230
919226
919225
919224
919223
919222
919221
919181
919179
919107

919164
918783
918639
918612
918542
918341
918270
918260
918207
918199
918134
918125
918106
918104
913011
917902
917774
917797
917489
917483
917450
917404
917072
916665
916633
916602
916583
916448
916447
916446
916445
916444
916443
916441
916440
916246
916116
916115
916114
916103
916102
904279
915994
915014
915846
915769
915751
915744
915736
892831

915714
915561
915553
915227
915074
915005
914975
914956
914816
914684
914681
914680
908073
914544
914529
914405
914401
880378
906435
913945
913938
913895
913822
913813
913808
913797
913788
913362
913270
913265
913261
913252
913250
913116
913111
913109
913103
913088
901380
913081
913077
913072
913073
913069
912832
912812
912808
912667
912579
912569

912439
912355
912348
912213
912177
912149
912135
912042
911898
911802
911794
911775
911742
911735
911675
911668
911620
911525
911363
911327
911160
911027
910988
910984
910963
910961
910903
910548
910514
910498
910471
910455
910361
910355
910347
910342
910263
910262
910253
910251
910242
910239
910238
910212
910209
910206
910205
909004
910192
910191

910030
910011
909924
909796
909790
909785
909781
909451
909306
909300
909291
909275
909155
909152
909145
909020
908835
793657
908515
908491
908477
908474
908471
908469
908212
908123
908040
907907
906687
907725
907716
907132
907108
907036
906989
906948
906923
906922
906921
906643
906615
906416
906405
888704
906002
905950
905942
905899
905898
905889

905888
905689
905237
905230
905098
905028
904996
904910
904851
904848
904839
904831
904830
904827
904817
904813
904787
904567
904561
904558
904388
904205
904157
904088
904085
904062
904048
903744
903733
903698
903570
903562
903559
903546
903515
903426
903384
902773
903364
903331
903317
903226
903194
902811
902800
902799
902798
902772
902720
902706

902701
902694
902606
900044
902351
902244
902092
902088
902083
902071
902060
902048
902031
901784
901616
901710
901509
901495
901384
901382
901381
901377
901376
901375
901371
901370
901369
901368
901367
901366
901334
901321
901257
901194
908396
901098
901028
901026
901024
900854
900656
899952
900492
900446
900425
900294
900287
898999
900092
899852

899844
899788
899782
899743
899742
899416
899189
899107
899085
898978
898574
898568
898506
898504
898498
898472
898302
898301
898300
897169
898283
898282
898281
898280
898279
898276
898275
898274
898273
898272
898221
898208
898142
898100
898045
897865
897723
897661
897474
897381
897379
897303
897296
895631
896812
896810
896802
896799
896727
896697

896693
896692
896691
896690
896561
895703
896261
896257
895840
892276
895812
895815
895789
895762
895743
895686
895653
895652
895651
895650
895649
895648
895636
895632
895626
895627
895625
895624
895616
895590
895564
895546
895532
895358
895354
895351
895335
895049
894826
894797
894585
894397
894354
894253
894201
893949
893934
893925
893900
893818

889655
893359
893113
892892
892888
892875
892871
892843
892841
892839
892833
892832
892830
892829
892817
892816
892815
892814
892811
892810
892809
892808
892807
892806
892766
892426
892420
892418
892348
892343
892177
892158
892144
892137
891948
891947
891835
891824
891400
891027
890898
890718
890492
890464
890463
890447
889962
889943
889914
889679

889676
889674
889672
889667
889666
889665
889664
889663
889662
889661
889660
889659
889658
889657
889656
889611
889528
889542
889220
889205
889179
889045
889044
889042
889034
889031
888948
888886
888883
888857
888662
888729
888674
888669
886762
888468
888342
888340
888249
888214
888206
888199
887327
888153
887976
887962
887852
887741
887739
887649

887592
887588
887557
887452
887289
887243
887232
887206
887145
887152
887151
887149
887148
887147
887143
887141
887139
887140
887138
887137
887136
887115
886988
886965
886896
886872
886866
886671
886662
886654
886647
886436
886428
886276
886271
886215
886193
886192
886187
886146
886011
885943
885922
885894
885893
885889
885845
885839
885687
885685

885661
885545
885538
885531
885475
885452
885419
885408
885404
885238
885017
884933
884872
884863
884851
884849
884848
884847
884846
884845
884843
884842
884841
884840
884839
884838
884802
884798
884662
884650
884579
884392
884303
884170
884155
884063
883992
883973
883956
883862
883796
883759
883670
883633
883627
883499
883436
883416
883389
883328

883234
882984
882972
882952
882927
882925
882897
882891
882846
882660
882560
882538
882467
882462
882445
882312
882311
882310
882309
882308
882307
882305
882304
881392
882303
827363
882299
882298
882297
882296
882295
882294
882293
882292
882282
882242
882239
882065
882060
882054
882018
882008
881899
881887
881760
881593
881587
881428
881421
881418

881369
881329
881254
881105
881104
881065
881021
881018
880950
880942
880747
880744
880740
880716
880614
880611
880607
880526
880519
880413
880406
880302
880222
880127
880126
880124
880123
880054
880053
880052
880051
880050
880049
880048
880047
880046
880045
880044
880043
880042
880013
880012
880011
880010
880008
879943
879940
879899
879872
879791

879788
879745
879734
879733
879732
879731
879724
879685
879660
879457
879443
879439
879433
879426
879414
879413
879411
879406

